0.688925657257924 -0.144674231181789
0.746598867341614 0.240647324705954
-0.131341758073845 -0.173243417458302
0.467312942503025 -0.0162880060418026
0.348734936280443 0.816466387329664
0.627311812180659 0.581105469013211
-0.181082810207641 1.09276980315207
0.15802193266376 1.30492932678078
0.412014201719336 1.1273275914696
0.227849900584527 1.07065467920863
-0.250714589318398 1.81946103764013
-0.430004944526385 1.63951820882091
0.156114274018156 0.97336917195978
-1.50577527777944 1.64472550571573
-1.22321395489277 2.05968286022181
-1.4910190661215 1.04279827570872
-1.83852172624183 1.25550304327143
-2.10394148853107 1.00528956375644
-2.54475172476864 1.16900450921651
-3.78179503614263 0.668694124584206
-2.96776217797954 -0.193212012453419
-2.54943754951205 -0.707641082076363
-4.11649074547292 -1.45519789095932
-3.34871540759235 -1.79239602043191
-3.08584214447683 -1.90914076815002
-3.2398448477595 -2.64337884018214
-2.9719182255137 -3.41460668691967
-1.69495658007644 -3.69903786567494
-1.67887067218626 -3.94314182651515
-0.762254566485182 -4.25348444417784
-0.304138701732771 -4.13005807277773
1.38766222341974 -5.04755569396275
1.98434965238785 -4.78720521535241
3.15825354326897 -3.99852376247951
3.7210980279317 -4.9976644328548
4.09036346164459 -2.9128565025513
4.95482150989752 -3.70197197385189
5.58088439964779 -2.68757458671217
6.27383230262642 -1.51157601470236
6.171365953191 -0.808609315916483
6.56460036772892 0.435489267971946
5.87134496059903 0.686131961706961
6.28757730719737 2.84430764114923
5.23092467045133 4.02132293698111
5.21030992705688 4.24332278232388
4.62871166251399 4.97390022137434
3.57105589085471 7.25522170515368
3.28577970777476 7.03810697438466
2.06328975325911 6.96958225166234
0.54722611704046 7.35759543732301
0.22991254196475 8.65096425688835
-1.49396990294995 7.25482257939574
-3.03963456082037 6.86148244142434
-4.40281961192474 7.37443891119665
-5.51371216407036 6.6641523538104
-6.71715614635162 5.92939556310638
-7.71284506458336 4.79185962790118
-8.24862003951617 3.69825491548638
-8.48471390288562 2.19544495518167
-9.03744384539917 0.531269936368745
-9.54154096449404 -0.873248261389005
-9.23235688645461 -2.04954895338973
-9.19248893912327 -4.35121640377134
-8.5624578532121 -5.44812923468465
-6.97496180180701 -6.88115748860239
-6.27028085983153 -7.86227170381404
-5.00764921791337 -9.30525641201834
-2.95584448041406 -10.1304891977042
-2.23696549778978 -10.7058825429532
-1.06080887857529 -10.6971788710419
1.00142911397344 -10.6233289562608
2.95252629390662 -10.9974476014219
5.00569171652297 -10.2956607064731
6.9601394499671 -8.60864517026195
7.88020424114906 -8.93520469929217
9.32258714242913 -7.27833833152039
10.2380789309711 -6.05928236057617
11.6239574392257 -4.14614063315267
12.6419249710771 -2.01695120863931
12.3672437266409 -0.737090380432628
12.5008695270105 1.2279675388238
11.9562786045111 4.3578787056469
11.8241081118717 6.01283602726833
10.6898385846719 7.76848356214828
9.75219485398784 9.10367198778145
8.04102566873563 11.1800412256466
6.93376783783139 11.5009640589549
4.47726547290125 12.3697673287419
2.25209705982811 14.2903656109489
-0.145814292220834 13.6604651608354
-1.62942818610918 14.3696594579313
-4.6690335826151 14.1931803714871
-6.77266450387585 12.5678917140883
-8.76070042181858 11.5770044944798
-10.1284699960787 10.8863325653667
-11.6040809010498 8.96052405410596
-13.3693228709554 7.49587249395138
-13.9775561234097 5.04452949084928
-15.6934215077092 2.00515078941724
-15.5909595355389 -0.0351995118113363
