0.0238095238095238 0.0476190476190476 0.0952380952380952 0.0476190476190476 0.0238095238095238
0.0952380952380952 0.166666666666667 0.166666666666667 0.0714285714285714 0.0952380952380952
0.0714285714285714 0.0952380952380952 0.0238095238095238 0.0714285714285714 0.0714285714285714
0.0476190476190476 0.119047619047619 0.0952380952380952 0.119047619047619 0.0476190476190476
0.0476190476190476 0.0952380952380952 0.0714285714285714 0.0238095238095238 0.0476190476190476
0.0476190476190476 0.0952380952380952 0.0714285714285714 0.0714285714285714 0.0476190476190476
0.0952380952380952 0.0714285714285714 0.0952380952380952 0.0952380952380952 0.0952380952380952
0.119047619047619 0.166666666666667 0.142857142857143 0.0952380952380952 0.119047619047619
0.142857142857143 0.142857142857143 0.142857142857143 0.119047619047619 0.142857142857143
0.0476190476190476 0.166666666666667 0.0714285714285714 0.0714285714285714 0.0476190476190476
0.0952380952380952 0.142857142857143 0.142857142857143 0.0952380952380952 0.0952380952380952
0.119047619047619 0.19047619047619 0.119047619047619 0.119047619047619 0.119047619047619
0.0476190476190476 0.0476190476190476 0.0476190476190476 0.0476190476190476 0.0476190476190476
0.0714285714285714 0.119047619047619 0.119047619047619 0.0952380952380952 0.0714285714285714
0.0476190476190476 0.0952380952380952 0.0714285714285714 0.119047619047619 0.0476190476190476
0.0952380952380952 0.142857142857143 0.119047619047619 0.0952380952380952 0.0952380952380952
0.0714285714285714 0.142857142857143 0.0952380952380952 0.0952380952380952 0.0714285714285714
0.0476190476190476 0.0714285714285714 0.0476190476190476 0.0714285714285714 0.0476190476190476
0.166666666666667 0.142857142857143 0.119047619047619 0.142857142857143 0.166666666666667
0.0714285714285714 0.119047619047619 0.0714285714285714 0.0952380952380952 0.0714285714285714
0.0714285714285714 0.142857142857143 0.119047619047619 0.0952380952380952 0.0714285714285714
0.0238095238095238 0.0476190476190476 0.0238095238095238 0.0238095238095238 0.0238095238095238
0.142857142857143 0.119047619047619 0.0952380952380952 0.0714285714285714 0.142857142857143
0.0952380952380952 0.166666666666667 0.119047619047619 0.0714285714285714 0.0952380952380952
0.0952380952380952 0.119047619047619 0.0238095238095238 0.0952380952380952 0.0952380952380952
0.0952380952380952 0.0952380952380952 0.142857142857143 0.0952380952380952 0.0952380952380952
0.166666666666667 0.0952380952380952 0.0476190476190476 0.119047619047619 0.166666666666667
0.0952380952380952 0.142857142857143 0.119047619047619 0.119047619047619 0.0952380952380952
0.0714285714285714 0.119047619047619 0.0714285714285714 0.119047619047619 0.0714285714285714
0.0952380952380952 0.142857142857143 0.142857142857143 0.119047619047619 0.0952380952380952
0.19047619047619 0.166666666666667 0.0714285714285714 0.142857142857143 0.19047619047619
0.0714285714285714 0.119047619047619 0.119047619047619 0.119047619047619 0.0714285714285714
0.0952380952380952 0.142857142857143 0.119047619047619 0.119047619047619 0.0952380952380952
0.0476190476190476 0.0952380952380952 0.0952380952380952 0.0714285714285714 0.0476190476190476
0.0952380952380952 0.119047619047619 0.119047619047619 0.119047619047619 0.0952380952380952
0.0952380952380952 0.166666666666667 0.142857142857143 0.119047619047619 0.0952380952380952
0.0952380952380952 0.119047619047619 0.142857142857143 0.0714285714285714 0.0952380952380952
0.0714285714285714 0.0952380952380952 0.0714285714285714 0.0476190476190476 0.0714285714285714
0.0952380952380952 0.119047619047619 0.119047619047619 0.0714285714285714 0.0952380952380952
0.119047619047619 0.142857142857143 0.119047619047619 0.119047619047619 0.119047619047619
0.142857142857143 0.166666666666667 0.0952380952380952 0.166666666666667 0.142857142857143
0.0476190476190476 0.0952380952380952 0.0714285714285714 0.0714285714285714 0.0476190476190476
0.0714285714285714 0.142857142857143 0.119047619047619 0.0952380952380952 0.0714285714285714
0.119047619047619 0.19047619047619 0.142857142857143 0.119047619047619 0.119047619047619
0.0476190476190476 0.0952380952380952 0.0476190476190476 0.0476190476190476 0.0476190476190476
0.0714285714285714 0.119047619047619 0.119047619047619 0.0714285714285714 0.0714285714285714
0.0238095238095238 0.0952380952380952 0.0714285714285714 0.0476190476190476 0.0238095238095238
0.0476190476190476 0.0952380952380952 0.0714285714285714 0.0714285714285714 0.0476190476190476
0.119047619047619 0.119047619047619 0.0952380952380952 0.142857142857143 0.119047619047619
0.142857142857143 0.19047619047619 0.119047619047619 0.142857142857143 0.142857142857143
0.0238095238095238 0.0476190476190476 0.0476190476190476 0.0476190476190476 0.0238095238095238
0.0476190476190476 0.0714285714285714 0.0952380952380952 0.0714285714285714 0.0476190476190476
0.0952380952380952 0.142857142857143 0.142857142857143 0.0952380952380952 0.0952380952380952
0.0952380952380952 0.142857142857143 0.142857142857143 0.0952380952380952 0.0952380952380952
0.0714285714285714 0.0714285714285714 0.0714285714285714 0.0714285714285714 0.0714285714285714
0.0238095238095238 0.142857142857143 0.0714285714285714 0.0476190476190476 0.0238095238095238
0.119047619047619 0.166666666666667 0.119047619047619 0.0714285714285714 0.119047619047619
0.0238095238095238 0.0476190476190476 0.0238095238095238 0.0238095238095238 0.0238095238095238
0.0476190476190476 0.0952380952380952 0.0952380952380952 0.0714285714285714 0.0476190476190476
0.0476190476190476 0.119047619047619 0.119047619047619 0.0714285714285714 0.0476190476190476
0.142857142857143 0.166666666666667 0.119047619047619 0.119047619047619 0.142857142857143
0.0714285714285714 0.0952380952380952 0.0714285714285714 0.0714285714285714 0.0714285714285714
0.0714285714285714 0.0476190476190476 0.0714285714285714 0.0714285714285714 0.0714285714285714
0.0952380952380952 0.119047619047619 0.0952380952380952 0.0952380952380952 0.0952380952380952
0.142857142857143 0.142857142857143 0.142857142857143 0.0952380952380952 0.142857142857143
0.0714285714285714 0.142857142857143 0.0952380952380952 0.0952380952380952 0.0714285714285714
0.0952380952380952 0.119047619047619 0.119047619047619 0.0714285714285714 0.0952380952380952
0.0714285714285714 0.142857142857143 0.119047619047619 0.0952380952380952 0.0714285714285714
0.142857142857143 0.214285714285714 0.142857142857143 0.142857142857143 0.142857142857143
0.0952380952380952 0.142857142857143 0.142857142857143 0.0952380952380952 0.0952380952380952
0.119047619047619 0.166666666666667 0.142857142857143 0.119047619047619 0.119047619047619
0.214285714285714 0.214285714285714 0.142857142857143 0.19047619047619 0.214285714285714
0.142857142857143 0.142857142857143 0.119047619047619 0.119047619047619 0.142857142857143
0.119047619047619 0.142857142857143 0.142857142857143 0.0952380952380952 0.119047619047619
0.142857142857143 0.0714285714285714 0.0714285714285714 0.0714285714285714 0.142857142857143
0.0714285714285714 0.0714285714285714 0.0952380952380952 0.0714285714285714 0.0714285714285714
0.0238095238095238 0.0952380952380952 0.0952380952380952 0.0952380952380952 0.0238095238095238
0.0952380952380952 0.119047619047619 0.0952380952380952 0.0238095238095238 0.0952380952380952
0.0714285714285714 0.0714285714285714 0.0714285714285714 0.0714285714285714 0.0714285714285714
0.119047619047619 0.142857142857143 0.166666666666667 0.0952380952380952 0.119047619047619
0.0952380952380952 0.142857142857143 0.119047619047619 0.0952380952380952 0.0952380952380952
0.0952380952380952 0.0952380952380952 0.142857142857143 0.0714285714285714 0.0952380952380952
0.0476190476190476 0.119047619047619 0.0714285714285714 0.0714285714285714 0.0476190476190476
0.0476190476190476 0.0952380952380952 0.0238095238095238 0.0238095238095238 0.0476190476190476
0.0714285714285714 0.119047619047619 0.119047619047619 0.0476190476190476 0.0714285714285714
0.0714285714285714 0.0952380952380952 0.0714285714285714 0.0476190476190476 0.0714285714285714
0.0952380952380952 0.166666666666667 0.166666666666667 0.0952380952380952 0.0952380952380952
0.119047619047619 0.142857142857143 0.0952380952380952 0.119047619047619 0.119047619047619
0.0952380952380952 0.142857142857143 0.166666666666667 0.119047619047619 0.0952380952380952
0.119047619047619 0.0952380952380952 0.0714285714285714 0.0952380952380952 0.119047619047619
0.0714285714285714 0.0714285714285714 0.0714285714285714 0.0714285714285714 0.0714285714285714
0.119047619047619 0.142857142857143 0.142857142857143 0.142857142857143 0.119047619047619
0.119047619047619 0.119047619047619 0.0714285714285714 0.0952380952380952 0.119047619047619
0.0952380952380952 0.119047619047619 0.119047619047619 0.0714285714285714 0.0952380952380952
0.0952380952380952 0.142857142857143 0.0952380952380952 0.0714285714285714 0.0952380952380952
0.0476190476190476 0.119047619047619 0.0476190476190476 0.0714285714285714 0.0476190476190476
0.0714285714285714 0.0952380952380952 0.0476190476190476 0.0476190476190476 0.0714285714285714
0.119047619047619 0.142857142857143 0.119047619047619 0.0952380952380952 0.119047619047619
0.119047619047619 0.142857142857143 0.0714285714285714 0.0952380952380952 0.119047619047619
0.0714285714285714 0.119047619047619 0.142857142857143 0.142857142857143 0.0714285714285714
0.0714285714285714 0.0952380952380952 0.119047619047619 0.0714285714285714 0.0714285714285714
0.0952380952380952 0.0952380952380952 0.119047619047619 0.0714285714285714 0.0952380952380952
0.119047619047619 0.0952380952380952 0.0714285714285714 0.0714285714285714 0.119047619047619
0.0714285714285714 0.0952380952380952 0.0714285714285714 0.0238095238095238 0.0714285714285714
0.0714285714285714 0.0476190476190476 0.0952380952380952 0.0952380952380952 0.0714285714285714
0.0476190476190476 0.0476190476190476 0.0952380952380952 0.0714285714285714 0.0476190476190476
0.0238095238095238 0.0714285714285714 0.0476190476190476 0.0476190476190476 0.0238095238095238
0.0238095238095238 0.0952380952380952 0.0952380952380952 0.0714285714285714 0.0238095238095238
0.0952380952380952 0.0952380952380952 0.0952380952380952 0.0476190476190476 0.0952380952380952
0.142857142857143 0.119047619047619 0.0952380952380952 0.0952380952380952 0.142857142857143
0.0952380952380952 0.119047619047619 0.0952380952380952 0.0476190476190476 0.0952380952380952
0.0476190476190476 0.0714285714285714 0.0714285714285714 0.0952380952380952 0.0476190476190476
0.0952380952380952 0.166666666666667 0.142857142857143 0.119047619047619 0.0952380952380952
0.119047619047619 0.0952380952380952 0.142857142857143 0.0952380952380952 0.119047619047619
0.0952380952380952 0.0952380952380952 0.0952380952380952 0.0714285714285714 0.0952380952380952
0.0238095238095238 0.0476190476190476 0.0714285714285714 0.0714285714285714 0.0238095238095238
0.0714285714285714 0.119047619047619 0.0952380952380952 0.0238095238095238 0.0714285714285714
0.0952380952380952 0.119047619047619 0.119047619047619 0.0952380952380952 0.0952380952380952
0.0714285714285714 0.0714285714285714 0.0714285714285714 0.0476190476190476 0.0714285714285714
0.0952380952380952 0.142857142857143 0.119047619047619 0.0952380952380952 0.0952380952380952
0.119047619047619 0.166666666666667 0.166666666666667 0.142857142857143 0.119047619047619
0.166666666666667 0.166666666666667 0.0952380952380952 0.142857142857143 0.166666666666667
0.119047619047619 0.119047619047619 0.119047619047619 0.0952380952380952 0.119047619047619
0.0476190476190476 0.0714285714285714 0.0952380952380952 0.0714285714285714 0.0476190476190476
0.0238095238095238 0.119047619047619 0.0952380952380952 0.0952380952380952 0.0238095238095238
0.0714285714285714 0.0714285714285714 0.0714285714285714 0.0714285714285714 0.0714285714285714
0.0714285714285714 0.19047619047619 0.0952380952380952 0.119047619047619 0.0714285714285714
0.0476190476190476 0.142857142857143 0.0714285714285714 0.0714285714285714 0.0476190476190476
0.142857142857143 0.166666666666667 0.166666666666667 0.119047619047619 0.142857142857143
0.119047619047619 0.119047619047619 0.119047619047619 0.119047619047619 0.119047619047619
0.0714285714285714 0.119047619047619 0.0952380952380952 0.0952380952380952 0.0714285714285714
0.0714285714285714 0.166666666666667 0.119047619047619 0.0714285714285714 0.0714285714285714
0.0714285714285714 0.0714285714285714 0.0952380952380952 0.0476190476190476 0.0714285714285714
0.0476190476190476 0.0952380952380952 0.0952380952380952 0.0714285714285714 0.0476190476190476
0.119047619047619 0.0714285714285714 0.119047619047619 0.0714285714285714 0.119047619047619
0.0714285714285714 0.119047619047619 0.119047619047619 0.0714285714285714 0.0714285714285714
0.166666666666667 0.0714285714285714 0.0952380952380952 0.0714285714285714 0.166666666666667
0.0238095238095238 0.0952380952380952 0.0476190476190476 0.0238095238095238 0.0238095238095238
0.119047619047619 0.119047619047619 0.0952380952380952 0.0952380952380952 0.119047619047619
0.119047619047619 0.19047619047619 0.119047619047619 0.119047619047619 0.119047619047619
0.119047619047619 0.0476190476190476 0.0714285714285714 0.0952380952380952 0.119047619047619
0.119047619047619 0.142857142857143 0.0952380952380952 0.0952380952380952 0.119047619047619
0.0714285714285714 0.119047619047619 0.0952380952380952 0.0714285714285714 0.0714285714285714
0 0.0714285714285714 0.0476190476190476 0.0714285714285714 0
0.19047619047619 0.214285714285714 0.142857142857143 0.166666666666667 0.19047619047619
0.0714285714285714 0.142857142857143 0.119047619047619 0.0952380952380952 0.0714285714285714
0.0714285714285714 0.142857142857143 0.142857142857143 0.0952380952380952 0.0714285714285714
0.0952380952380952 0.142857142857143 0.119047619047619 0.0714285714285714 0.0952380952380952
0.0476190476190476 0.0476190476190476 0.0714285714285714 0.0476190476190476 0.0714285714285714
0.119047619047619 0.166666666666667 0.142857142857143 0.142857142857143 0.119047619047619
0.0476190476190476 0.0952380952380952 0.0952380952380952 0.0714285714285714 0.0476190476190476
0.0714285714285714 0.119047619047619 0.0952380952380952 0.0714285714285714 0.0714285714285714
0.0952380952380952 0.0714285714285714 0.119047619047619 0.0714285714285714 0.0952380952380952
0.0476190476190476 0.0952380952380952 0.0952380952380952 0.0714285714285714 0.0476190476190476
0.0952380952380952 0.0952380952380952 0.119047619047619 0.0238095238095238 0.0952380952380952
0.0476190476190476 0.119047619047619 0.0714285714285714 0.0476190476190476 0.0476190476190476
0.0952380952380952 0.142857142857143 0.0952380952380952 0.0952380952380952 0.0952380952380952
0.0952380952380952 0.166666666666667 0.119047619047619 0.142857142857143 0.0952380952380952
0.119047619047619 0.19047619047619 0.19047619047619 0.119047619047619 0.119047619047619
0.0952380952380952 0.0952380952380952 0.0952380952380952 0.0714285714285714 0.0952380952380952
0.0476190476190476 0.0952380952380952 0.0714285714285714 0.119047619047619 0.0476190476190476
0.0952380952380952 0.0952380952380952 0.119047619047619 0.0476190476190476 0.0952380952380952
0.0238095238095238 0.0714285714285714 0.0952380952380952 0.0476190476190476 0.0238095238095238
0.119047619047619 0.166666666666667 0.119047619047619 0.142857142857143 0.119047619047619
0.119047619047619 0.142857142857143 0.142857142857143 0.119047619047619 0.119047619047619
0.119047619047619 0.119047619047619 0.142857142857143 0.0714285714285714 0.119047619047619
0.119047619047619 0.142857142857143 0.142857142857143 0.0952380952380952 0.119047619047619
0.119047619047619 0.142857142857143 0.0952380952380952 0.0714285714285714 0.119047619047619
0.0952380952380952 0.0952380952380952 0.0952380952380952 0.0714285714285714 0.0952380952380952
0.0952380952380952 0.0952380952380952 0.0952380952380952 0.0714285714285714 0.0952380952380952
0.0714285714285714 0.119047619047619 0.0714285714285714 0.0952380952380952 0.0714285714285714
0.0714285714285714 0.0952380952380952 0.0714285714285714 0.0714285714285714 0.0714285714285714
0.0952380952380952 0.142857142857143 0.142857142857143 0.0952380952380952 0.0952380952380952
0.0952380952380952 0.119047619047619 0.0952380952380952 0.0952380952380952 0.0952380952380952
0.0714285714285714 0.0952380952380952 0.119047619047619 0.0952380952380952 0.0714285714285714
0.0476190476190476 0.119047619047619 0.0476190476190476 0.0238095238095238 0.0476190476190476
0.0952380952380952 0.142857142857143 0.0952380952380952 0.0952380952380952 0.0952380952380952
0.0952380952380952 0.119047619047619 0.0714285714285714 0.0714285714285714 0.0952380952380952
0.0476190476190476 0.0714285714285714 0.0952380952380952 0.0476190476190476 0.0476190476190476
0 0.0952380952380952 0.0714285714285714 0.0714285714285714 0
0.0952380952380952 0.0952380952380952 0.119047619047619 0.0714285714285714 0.0952380952380952
0.0476190476190476 0.0714285714285714 0.0238095238095238 0.0476190476190476 0.0476190476190476
0.0952380952380952 0.166666666666667 0.142857142857143 0.0952380952380952 0.0952380952380952
0.0714285714285714 0.142857142857143 0.0952380952380952 0.0714285714285714 0.0714285714285714
0.0714285714285714 0.142857142857143 0.119047619047619 0.119047619047619 0.0714285714285714
0.0952380952380952 0.166666666666667 0.119047619047619 0.0952380952380952 0.0952380952380952
0.0238095238095238 0.0714285714285714 0.0952380952380952 0.0952380952380952 0.0238095238095238
0.19047619047619 0.119047619047619 0.119047619047619 0.19047619047619 0.19047619047619
0.0714285714285714 0.119047619047619 0.0714285714285714 0.0714285714285714 0.0714285714285714
0.0952380952380952 0.166666666666667 0.142857142857143 0.119047619047619 0.0952380952380952
0.0714285714285714 0.0714285714285714 0.0714285714285714 0.0476190476190476 0.0714285714285714
0.0714285714285714 0.0952380952380952 0.119047619047619 0.0476190476190476 0.0714285714285714
0.119047619047619 0.142857142857143 0.0952380952380952 0.142857142857143 0.119047619047619
0.0952380952380952 0.119047619047619 0.0952380952380952 0.0952380952380952 0.0952380952380952
0.0714285714285714 0.0952380952380952 0.0714285714285714 0.0476190476190476 0.0714285714285714
0.0952380952380952 0.119047619047619 0.0714285714285714 0.0476190476190476 0.0952380952380952
0.0238095238095238 0.0476190476190476 0.0476190476190476 0.0714285714285714 0.0238095238095238
0.0714285714285714 0.0714285714285714 0.0952380952380952 0.0476190476190476 0.0714285714285714
0.0238095238095238 0.0952380952380952 0.0952380952380952 0.0714285714285714 0.0238095238095238
0.119047619047619 0.0952380952380952 0.119047619047619 0.0714285714285714 0.119047619047619
